Original matrix
-8.00	5.00	8.00	-6.00	
2.00	7.00	-8.00	-1.00	
-5.00	-4.00	1.00	-6.00	
5.00	-9.00	-2.00	8.00	
U matrix
-8.00	5.00	8.00	-6.00	
0.00	8.25	-6.00	-2.50	
0.00	0.00	-9.18	-4.41	
0.00	0.00	0.00	3.08	
L matrix
1.00	0.00	0.00	0.00	
-0.25	1.00	0.00	0.00	
0.62	-0.86	1.00	0.00	
-0.62	-0.71	0.14	1.00	
L*U matrix
-8.00	5.00	8.00	-6.00	
2.00	7.00	-8.00	-1.00	
-5.00	-4.00	1.00	-6.00	
5.00	-9.00	-2.00	8.00	
Determinant:1867.00
Inversed matrix:
-0.39	-0.30	-0.10	-0.41	
0.05	0.04	-0.08	-0.01	
-0.09	-0.19	-0.09	-0.16	
0.28	0.19	-0.04	0.32	
Solution SLAU:
x[0] = 9.00
x[1] = -6.00
x[2] = -6.00
x[3] = -1.00

