X:
0.000	0.200	0.400	0.600	0.800	1.000	1.200	1.400	1.600	1.800	2.000	
Accurate value Y:
1.000	1.153	1.193	1.116	0.949	0.736	0.521	0.338	0.201	0.110	0.055	

Shooting method:
1.000	1.224	1.327	1.287	1.125	0.886	0.630	0.404	0.233	0.120	0.055	
Finite_difference_method:
1.000	1.757	1.803	1.631	1.317	0.957	0.630	0.378	0.210	0.110	0.055	

With Runge-Romberg-Richardson:
Shooting method:
1.000	1.169	1.222	1.152	0.985	0.765	0.542	0.350	0.206	0.111	0.055	
Finite_difference_method:
1.000	1.249	1.311	1.233	1.047	0.807	0.566	0.362	0.211	0.113	0.055	

Difference from accurate value
Shooting method:
0.000	0.016	0.029	0.036	0.036	0.029	0.020	0.012	0.005	0.002	0.000	
Finite_difference_method:
0.000	0.096	0.118	0.117	0.098	0.072	0.045	0.024	0.010	0.003	0.000	
