Значения x:
0.0000 0.1000 0.2000 0.3000 0.4000 0.5000 0.6000 0.7000 0.8000 0.9000 1.0000 
Точное решение y:
1.0000 1.2054 1.4231 1.6563 1.9094 2.1887 2.5032 2.8669 3.3009 3.8399 4.5431 

Метод Эйлера:
1.0000 1.2000 1.4100 1.6322 1.8697 2.1267 2.4090 2.7253 3.0882 3.5171 4.0423 
Метод Рунге-Кутты:
1.0000 1.2044 1.4208 1.6521 1.9024 2.1776 2.4862 2.8410 3.2614 3.7790 4.4467 
Метод Адамса:
1.0000 1.2044 1.4208 1.6521 1.8935 2.1574 2.4509 2.7847 3.1749 3.6462 4.2392 

Погрешности методом Рунге-Ромберга-Ричардсона
Для Эйлера:
0.0000 0.0100 0.0297 0.0684 0.1471 0.3194 
Для Рунге-Кутты:
0.0000 0.0001 0.0004 0.0010 0.0022 0.0053 
Для Адамса:
0.0000 0.0001 0.0002 0.0014 0.0031 0.0126 

Погрешности сравнением с точным решением
Для Эйлера:
0.0000 0.0054 0.0131 0.0241 0.0397 0.0620 0.0942 0.1416 0.2127 0.3228 0.5008 
Для Рунге-Кутты:
0.0000 0.0009 0.0023 0.0042 0.0070 0.0111 0.0171 0.0259 0.0395 0.0609 0.0964 
Для Адамса:
0.0000 0.0009 0.0023 0.0042 0.0159 0.0313 0.0524 0.0822 0.1261 0.1937 0.3039 