Стрельба	Разности	Точное
3.05909138	3.05755377	3.00000000
3.05909138	3.05755377	3.00909091
3.07819541	3.07394816	3.03333333
3.11159727	3.10296242	3.06923077
3.15598466	3.14189780	3.11428571
3.20899988	3.18877364	3.16666667
3.26891863	3.24210348	3.22500000
3.33445037	3.30075003	3.28823529
3.40460984	3.36382830	3.35555556
3.47863168	3.43063937	3.42631579
3.55591222	3.50062390	3.50000000
3.63596885	3.57332900	3.57619048
3.71841103	3.64838400	3.65454545
3.80291934	3.72548265	3.73478261
3.88922989	3.80436968	3.81666667
3.97712278	3.88483063	3.90000000
4.06641323	3.96668403	3.98461538
4.15694483	4.04977525	4.07037037
4.24858426	4.13397173	4.15714286
4.34121719	4.21915921	4.24482759

Погрешности методом Рунге-Ромберга
Стрельба	Разности
-0.07136471	-0.03817839
-0.06622140	-0.03216416
-0.06357545	-0.02695730
-0.06260307	-0.02238041
-0.06279289	-0.01830404
-0.06381482	-0.01463170
-0.06544857	-0.01129005
-0.06754294	-0.00822237
-0.06999159	-0.00538417
-0.07271807	-0.00274004
-0.07566640	-0.00026147
-0.07879487	0.00207475
-0.08207193	0.00428769
-0.08547337	0.00639318
-0.08898038	0.00840446
-0.09257818	0.01033267
-0.09625501	0.01218729
-0.10000144	0.01397639
-0.10380980	0.01570692
-0.10767384	0.01738487
