Явный Эйлер	Улучшенный	Рунге-Кутта	Адамс      	Точный ответ
2.82842712	2.82842712	2.82842712	2.82842712	2.82842712
3.04055916	3.04321081	3.04966758	3.04966758	3.04318912
3.25799449	3.26316620	3.27607947	3.27607947	3.26312733
3.48059538	3.48817496	3.50758831	3.50758831	3.48812270
3.70823601	3.71812643	3.74411656	3.73675304	3.71806401
3.94080053	3.95291687	3.98558593	3.97112540	3.95284708
4.17818158	4.19244878	4.23191880	4.20994369	4.19237403
4.42027915	4.43663030	4.48303904	4.45363257	4.43655272
4.66699967	4.68537469	4.73887247	4.70185715	4.68529615
4.91825529	4.93859987	4.99934714	4.95462338	4.93852205

Погрешности методом Рунге-Ромберга
Явный Эйлер	Улучшенный	Рунге-Кутта	Адамс      
-0.00000000	-0.00000000	-0.00000000	-0.00000000
0.00176777	-0.00001762	-0.00353478	-0.00353478
0.00344613	-0.00003157	-0.00705750	-0.00887126
0.00504883	-0.00004246	-0.01059461	-0.01599983
0.00658649	-0.00005073	-0.01416599	-0.01534794
0.00806751	-0.00005675	-0.01778683	-0.01507458
0.00949867	-0.00006082	-0.02146899	-0.01447272
0.01088553	-0.00006317	-0.02522180	-0.01409484
0.01223272	-0.00006400	-0.02905272	-0.01367768
0.01354414	-0.00006349	-0.03296774	-0.01331641
