Метод Эйлера:
      x      |      y	   |   exact y   | y - exact y | runge-romberg
-------------------------------------------------------------------------
 1.000000000 | 1.000000000 | 1.000000000 | 0.000000000 | 0.000000000
 1.100000000 | 1.100000000 | 1.095310180 | 0.004689820 | 0.002500000
 1.200000000 | 1.190000000 | 1.182321557 | 0.007678443 | 0.006099845
 1.300000000 | 1.267777778 | 1.262364264 | 0.005413513 | 0.011376915
 1.400000000 | 1.330126984 | 1.336472237 | 0.006345252 | 0.019730580
 1.500000000 | 1.371625885 | 1.405465108 | 0.033839223 | 0.036718184
 1.600000000 | 1.379388953 | 1.470003629 | 0.090614677 | 0.069986227
 1.700000000 | 1.193929433 | 1.530628251 | 0.336698818 | 0.140823836
 1.800000000 | 1.017097134 | 1.587786665 | 0.570689531 | 0.284350837
 1.900000000 | 0.849878462 | 1.641853886 | 0.791975424 | 0.432914508
 2.000000000 | 0.693424139 | 1.693147181 | 0.999723042 | 0.570656856

0.570656856

Метод Рунге-Кутты:
      x      |      y	   |   exact y   | y - exact y | runge-romberg
-------------------------------------------------------------------------
 1.000000000 | 1.000000000 | 1.000000000 | 0.000000000 | 0.000000000
 1.100000000 | 1.094638860 | 1.095310180 | 0.000671319 | 0.000000043
 1.200000000 | 1.176800785 | 1.182321557 | 0.005520771 | 0.000000159
 1.300000000 | 1.242660869 | 1.262364264 | 0.019703396 | 0.000000718
 1.400000000 | 1.283749880 | 1.336472237 | 0.052722357 | 0.000013681
 1.500000000 | 1.304089485 | 1.405465108 | 0.101375623 | 0.005284684
 1.600000000 | 1.481001935 | 1.470003629 | 0.010998306 | 0.021599906
 1.700000000 | 1.648621574 | 1.530628251 | 0.117993323 | 0.035127530
 1.800000000 | 1.805765125 | 1.587786665 | 0.217978460 | 0.039361936
 1.900000000 | 1.950992295 | 1.641853886 | 0.309138409 | 0.044264476
 2.000000000 | 2.082469196 | 1.693147181 | 0.389322015 | 0.050856235

0.050856235

Метод Адамса:
      x      |      y	   |   exact y   | y - exact y | runge-romberg
-------------------------------------------------------------------------
 1.000000000 | 1.000000000 | 1.000000000 | 0.000000000 | 0.000000000
 1.100000000 | 1.094638860 | 1.095310180 | 0.000671319 | 0.000000043
 1.200000000 | 1.176800785 | 1.182321557 | 0.005520771 | 0.000000099
 1.300000000 | 1.242660869 | 1.262364264 | 0.019703396 | 0.000000236
 1.400000000 | 1.284693973 | 1.336472237 | 0.051778263 | 0.000062096
 1.500000000 | 1.253450420 | 1.405465108 | 0.152014688 | 0.007761529
 1.600000000 | 1.325016119 | 1.470003629 | 0.144987510 | 0.025547873
 1.700000000 | 1.233872549 | 1.530628251 | 0.296755702 | 0.031989380
 1.800000000 | 1.359771936 | 1.587786665 | 0.228014729 | 0.053830868
 1.900000000 | 1.287287056 | 1.641853886 | 0.354566831 | 0.061832586
 2.000000000 | 1.199454206 | 1.693147181 | 0.493692975 | 0.068135014

0.068135014

