Значения x:
0.0000 0.2000 0.4000 0.6000 0.8000 1.0000 1.2000 1.4000 1.6000 1.8000 2.0000 
Точное решение y:
1.0000 1.0400 1.1600 1.3600 1.6400 2.0000 2.4400 2.9600 3.5600 4.2400 5.0000 

Метод shooting:
1.0000 1.0390 1.1590 1.3580 1.6380 1.9980 2.4380 2.9590 3.5590 4.2390 5.0000
Метод difference:
1.0000 0.8350 0.8540 0.9420 1.1040 1.3560 1.7160 2.2130 2.8870 3.7920 5.0000

Погрешности методом Рунге-Ромберга-Ричардсона

Метод shooting погрешность:
0.0000 0.0000 0.0000 0.0000 0.0000 0.0000 0.0000 0.0000 0.0000 0.0000 0.0000
Метод difference погрешность:
0.0000 0.0030 0.0020 0.0010 0.0010 0.0010 0.0000 0.0000 0.0000 0.0000 0.0000

Погрешности сравнением с точным решением

Метод shooting погрешность:
0.0000 0.0010 0.0010 0.0020 0.0020 0.0020 0.0020 0.0010 0.0010 0.0010 0.0000
Метод difference погрешность: 
0.0000 0.2050 0.2650 0.3900 0.5160 0.6320 0.7180 0.7450 0.6730 0.4490 0.0000
