Решение системы:
x[0] = -3.00
x[1] = -6.00
x[2] = 8.00
x[3] = -7.00
Определитель матрицы: 7315.00
Обратная матрица:
0.06	0.13	0.10	-0.02	
-0.02	0.09	0.13	0.05	
0.02	0.01	-0.07	0.03	
-0.09	-0.04	-0.11	-0.07	
Матрица L:
1.00	0.00	0.00	0.00	
2.00	1.00	0.00	0.00	
-0.33	-0.08	1.00	0.00	
-2.00	-0.50	-1.71	1.00	
Матрица U:
3.00	-8.00	1.00	-7.00	
0.00	20.00	6.00	19.00	
0.00	0.00	-8.17	-3.75	
0.00	0.00	0.00	-14.93	
Матрица L*U:
3.00	-8.00	1.00	-7.00	
6.00	4.00	8.00	5.00	
-1.00	1.00	-9.00	-3.00	
-6.00	6.00	9.00	-4.00	
