LU разложение:
L =
1.00 0.00 0.00 0.00 
-0.14 1.00 0.00 0.00 
0.29 0.94 1.00 0.00 
0.71 0.46 -0.19 1.00 

U =
7.00 8.00 4.00 -6.00 
0.00 7.14 -1.43 -6.86 
0.00 0.00 6.20 4.16 
0.00 0.00 0.00 9.25 

LU=
7.00 8.00 4.00 -6.00 
-1.00 6.00 -2.00 -6.00 
2.00 9.00 6.00 -4.00 
5.00 9.00 1.00 1.00 

Решение системы:
-4.00 
-5.00 
-7.00 
5.00 

Обратная матрица:
0.15 -0.06 -0.12 0.03 
-0.07 0.05 0.05 0.09 
-0.01 -0.11 0.15 -0.07 
-0.09 -0.07 0.02 0.11 

Обратная на исходную:
1.00 0.00 -0.00 0.00 
-0.00 1.00 0.00 0.00 
0.00 0.00 1.00 0.00 
-0.00 -0.00 0.00 1.00 

Определитель: 2866.00
