         X:        1.0000 1.1000 1.2000 1.3000 1.4000 1.5000 1.6000 1.7000 1.8000 1.9000 2.0000 
accurate value Y: 1.0000 1.0927 1.1716 1.2377 1.2919 1.3352 1.3683 1.3919 1.4068 1.4136 1.4129 

    Euler method   1.0000 1.1000 1.1700 1.2136 1.2341 1.2344 1.2170 1.1843 1.1384 1.0813 1.0148 
 Runge-Kutte method 1.0000 1.0880 1.1491 1.1866 1.2034 1.2022 1.1853 1.1549 1.1127 1.0606 1.0001 
   Adams method    1.0000 1.0880 1.1491 1.1866 1.2115 1.2175 1.2069 1.1818 1.1441 1.0956 1.0378 

With Runge-Romberg-Richardson method: 

    Euler method   1.0000 1.0900 1.1525 1.1909 1.2082 1.2071 1.1899 1.1589 1.1159 1.0627 1.0010 
 Runge-Kutte method 1.0000 1.0864 1.1462 1.1829 1.1992 1.1977 1.1808 1.1505 1.1088 1.0572 0.9974 
   Adams method    1.0000 1.0880 1.1491 1.1866 1.2115 1.2175 1.2069 1.1818 1.1441 1.0956 1.0378 

Delta of accurate value 

    Euler method   0.0000 0.0027 0.0191 0.0468 0.0837 0.1281 0.1784 0.2331 0.2910 0.3509 0.4119 
 Runge-Kutte method 0.0000 0.0063 0.0253 0.0548 0.0927 0.1375 0.1875 0.2414 0.2981 0.3564 0.4155 
   Adams method    0.0000 0.0047 0.0225 0.0511 0.0804 0.1176 0.1614 0.2102 0.2628 0.3181 0.3751 
